4.072435323765419504e-10
2.457751959601317516e-10
3.611319256617367968e-02
5.194089992908292750e-10
6.813987113620567793e-10
1.458409627041896445e-10
4.017652555240818937e-10
2.186909460040879134e-10
7.632050346622944194e-10
2.678398598358384846e-10
5.535732678648843707e-10
2.361561792322620665e-10
3.806018196918298303e-10
3.340816259474342681e-10
4.145353714500622447e-10
2.170632232297038723e-10
6.640834626143706585e-10
6.965697314434631955e-10
2.401514507304798799e-10
6.178595822768313503e-10
2.654441123169705558e-10
2.724729756132371281e-10
2.989388919908806543e-10
1.783519886887548521e-10
8.232733117947260739e-10
1.669612521703183331e-10
6.761167625797719953e-10
2.397235495617226123e-10
8.107711057160744818e-10
4.025769172472164370e-10
2.835957022689002311e-10
3.026854853945357502e-10
5.509056127790239029e-10
4.576772949326247034e-10
8.321279507692112450e-10
3.719124504448087915e-10
3.923788000413230210e-10
3.689749890305224195e-10
3.085885882973707096e-10
1.758078826253136111e-10
3.654389149444183298e-10
1.417420100261581427e-10
3.694649892623136942e-10
1.877640521862908896e-10
1.161976648360477899e-09
2.096603704348913153e-10
3.529505424868812189e-10
1.909808824490727368e-10
2.854120637915663077e-10
4.395669154767287148e-10
3.107986832499180926e-10
1.541076914312279584e-10
4.903997923829917229e-10
2.528904209429638766e-10
3.479596201134823235e-10
3.650862404019996742e-10
2.815533095802762375e-10
1.526791711956425897e-10
2.697357524581383968e-10
2.775922877964423256e-10
2.902875373582538942e-10
6.210316324452501128e-10
3.399883522231907119e-10
2.030065048525681847e-10
9.914822474367627717e-10
2.232779208764645681e-10
3.813580676710569063e-10
2.147227093144269536e-10
5.526579049067077854e-10
3.471168019806856313e-10
3.355662132208405401e-10
2.523245743276983318e-10
6.204888070603784305e-09
2.942047428088898784e-10
6.370060874550313076e-10
2.609589458035595925e-10
4.465705284918344416e-10
1.864513361081363735e-10
4.528278993382554368e-10
2.176965137075629340e-10
2.159328209245892849e-09
1.669648595943396403e-10
5.096202681862363220e-10
2.360584142355628267e-10
4.288685719871009108e-10
1.836736096870480807e-10
1.225168518557998416e-09
5.477372139761373590e-10
5.578097264383133075e-10
1.596006282230587881e-10
3.348517761747142230e-10
1.717328170860427089e-10
4.025198104255764151e-10
1.776343153706798220e-10
1.064951751859420403e-09
6.624712504154195892e-10
8.289916266694707640e-10
1.652816598423601052e-10
2.330165789415267153e-10
3.170159405835097121e-10
3.179442801146783862e-10
1.802748664081807706e-10
3.582645198901291509e-10
1.813500897327168376e-10
2.443623115762077781e-10
3.854982830951651703e-09
2.912461186875301370e-10
1.576206680214711453e-10
3.222855441489194379e-10
2.340901748340751886e-10
2.075616920301912387e-10
1.770160927791829591e-10
4.552709762248224848e-10
2.239433068961978614e-10
2.801067760268716628e-10
4.902675773985465220e-10
4.993294016037441682e-10
2.127899744135094435e-10
2.566400922865989860e-10
2.120838249346715861e-10
6.655982653649076069e-10
2.280496987647068892e-10
4.351033883035184093e-10
2.070592387384964011e-10
6.083996732356949818e-10
2.574479081000371886e-10
3.716273864246102814e-09
2.070990093762245198e-10
2.094853649848418361e-10
2.088309558687095574e-10
2.889901400646474271e-10
2.008360853231740724e-10
3.717173926580426795e-10
2.846293328040667362e-10
2.425223226272848591e-10
2.720814029144547593e-10
2.230421501621458048e-10
2.560425212243802148e-10
3.356777232129028820e-10
1.611214827521235598e-10
3.516220155159365393e-10
6.569919635504648128e-10
2.572831746907891787e-10
1.736436190260102123e-10
3.570620858863748342e-10
3.720434407127156799e-10
2.343460512152848685e-10
4.877376631704722716e-10
2.734013365519841397e-10
2.305718343281582110e-10
3.431677696832935408e-10
3.373491031974060160e-10
2.367651048671426559e-10
1.936766506432314273e-10
4.080505511620771655e-10
2.017856502591779856e-10
1.099351007129246611e-09
3.510657212146546235e-10
3.481996732920445507e-10
7.497334247266126830e-10
3.801442312725768576e-10
2.272305817270984206e-10
9.039733966410235153e-10
7.112113752361385322e-01
3.880532189082603424e-10
1.891191227395170315e-10
3.755213902443106377e-10
1.880122107176336475e-10
2.451270245312161533e-09
2.648434651259221345e-10
2.344384876820760524e-10
1.827711165432918217e-09
5.573151398131976537e-10
4.762405500895238666e-10
2.445696296519373600e-10
3.120853694478320298e-10
3.711604081172572630e-10
1.783935774394415688e-10
3.219932729597336881e-10
1.487758013886478139e-10
1.140817351509551657e-09
6.882987593166914790e-10
6.750981575301681081e-01
2.376470173156687994e-10
4.432648970993889098e-10
2.136058953492982247e-10
3.421049171725446556e-10
1.763628894814543034e-10
3.252962993193073487e-10
1.556088438389320869e-10
2.031504612307632466e-10
2.253953064981524468e-10
6.265801971995219092e-10
3.745601085786723772e-10
5.320564242146594431e-10
2.793747050015218143e-10
1.363936899922151955e-09
2.439958309370023007e-10
2.945731956882382705e-10
1.747021607310704273e-10
